1.085228560990664448e+02 -1.396138799092404952e+02 -2.457809173243674650e-03
-5.251774315629609191e+01 7.949943844233769141e+01 -7.138449727364104547e-04
6.712021302803744049e+01 -5.278123455240488227e+01 -5.723431740740636542e-04
-1.170528366287363724e+02 -4.887697950661883084e+01 -1.261510834403622994e-03
2.862961569364430758e+01 9.353768390361022256e+00 -7.110285293387974548e-05
-1.873870795064551942e+01 1.621524626593632092e+02 -2.098374247154310979e-03
-1.648197837004997623e+01 6.117198339208892577e+01 -3.160023750403695431e-04
-6.779626742678101614e+00 -3.776201280397549453e+01 -1.159109254516010878e-04
9.795740571944598685e+01 5.836281474902718713e+01 -1.019991104271866789e-03
-1.319252693196866630e+02 4.741649818771176683e+01 -1.540518316236472174e-03
-8.685337973467342465e+01 4.877863018208514490e+01 -7.783523083269017206e-04
1.424137277743790548e+02 1.220351539974796395e+02 -2.761790678988518266e-03
-1.232654104412912233e+00 -9.207766049508538231e+01 -6.678686069179207152e-04
3.269521842028835579e+01 -6.798185709598341475e+01 -4.477344843749619940e-04
-3.918679993922420834e+01 1.368826604676829817e+01 -1.350565832929362386e-04
-1.825037792205726248e+02 3.822415063851517747e+00 -2.610449497432609789e-03
3.526035372493385012e+01 8.043244083022314328e+01 -6.069264596106904719e-04
1.378800307762645332e+02 6.399222840244328125e+01 -1.811823382574573316e-03
-4.166187597341674120e+01 -4.498518225241939206e+01 -2.953581295415119712e-04
4.575756914416226095e+01 -2.147659628744721161e+01 -2.003513338362239438e-04
1.463093288785023844e+02 1.484756290587621841e+01 -1.694327478339197057e-03
1.704348886494214241e+02 -4.931746654064643565e+01 -2.467166318560032323e-03
7.110622080113029142e+01 -9.697082327816666236e+01 -1.136698097923272144e-03
-4.377986824466751159e+01 1.287836472601308628e+02 -1.456401097975401626e-03
9.488623888788930572e+01 1.334259179683158720e+02 -2.107441279306954129e-03
-8.203274078611347875e+01 1.538576661018110485e+02 -2.391592125107422362e-03
9.503522000118728386e+00 1.157723873419144240e+02 -1.062712227884787808e-03
2.563707732042865928e+01 -1.609326194319599779e+02 -2.091314446190040144e-03
-4.599583992737102278e+01 -1.062026280575406929e+02 -1.054069040883121033e-03
6.204127564396956984e+01 1.112393796380573718e+02 -1.276128282455601948e-03
9.841365138453639361e+01 -7.433662310436062626e+01 -1.193958559422725330e-03
6.343329054704912551e+01 1.681976058505238143e+02 -2.543370667822841824e-03
-5.863032957611856233e+01 -1.494205274004306716e+02 -2.027723733554864793e-03
1.773850605899946515e+02 6.153639018002030525e+01 -2.763227503162823950e-03
-7.610661051021928358e+01 -6.547462259130267626e+01 -7.913965194852323748e-04
-1.300249828400116030e+02 -1.060059886003456313e+02 -2.209490126595881065e-03
7.079863919599223721e+01 6.748676243420227649e+00 -3.962593723345619878e-04
-1.088322046107259666e+02 -2.055823478758270983e+00 -9.282203385547749264e-04
6.531041256008023765e+01 -1.642301939377038309e+02 -2.458428298993453609e-03
-1.812022518605134280e+02 5.411046896724253941e+01 -2.802819633075159800e-03
-7.533171033344275713e+01 1.505649154394279243e+01 -4.624215512230023251e-04
1.868283644692884025e+02 2.559470248711073737e+01 -2.786017383083816412e-03
-1.844313981546014247e+02 -5.797009594364926954e+01 -2.929383300305232751e-03
5.161295090293375409e+01 3.770761126023052157e+01 -3.206746592940845630e-04
-6.078728734156753433e+01 -1.861931046697865213e+02 -3.019905439671788372e-03
-1.573247798543453086e+02 9.482009583767158745e+01 -2.647101314494193502e-03
1.443395633506954709e+02 -1.144436239274106839e+02 -2.663660202735229632e-03
-1.600073089006415046e+02 -2.473396226543793119e+01 -2.053854475223104714e-03
1.168065530506250127e+01 1.927722567258429649e+02 -2.937494029069398493e-03
1.758122293902673619e+02 -9.440348533443477663e+01 -3.123373116167726948e-03
3.224842610578514979e+01 1.444254238166876689e+02 -1.724299414036067901e-03
-1.999079297734503058e+01 -1.382660915983658185e+02 -1.537000122901588384e-03
-1.097178204489531765e+02 9.940775072246022148e+01 -1.721347170466458465e-03
1.055718235250924977e+02 2.318129502252332941e+01 -9.154487679197131911e-04
1.985877520201482298e+02 -1.507268302304643726e+01 -3.107370024959976718e-03
-1.493700261872053829e+02 -7.661075528357763176e+01 -2.210118636444491358e-03
3.911680884676272996e+01 -1.170511096971397933e+02 -1.198954529783691214e-03
-9.029169635725136800e+01 -1.223653777349361746e+02 -1.817961785839372624e-03
-2.972314859546983268e+00 2.660215582032872206e+01 -5.642993578724997406e-05
1.233057200072270376e+02 -3.611943781337045323e+01 -1.293846929829811643e-03
-1.260979685689581800e+02 -1.479274264800471883e+02 -2.969113269891465734e-03
-9.592774370162192099e+01 -1.683377748798877462e+02 -2.952753744295932847e-03
-7.596767517686691917e+01 -2.633424782270858699e+01 -5.067234015676547187e-04
-1.195697058134475128e+02 1.462619750635920752e+02 -2.804886954635321672e-03
-5.255795569063560180e+01 1.873218642024062888e+02 -2.980040716721532590e-03
-8.181179990358430132e+00 -1.917053005220416537e+02 -2.899739402863588111e-03
-1.443608417168568963e+02 7.685423738193877696e+00 -1.637249427852260908e-03
9.893250791465479210e+01 1.727058598292852878e+02 -3.115951407380634919e-03
1.114972428725485685e+02 9.936119881247165608e+01 -1.751454374556260518e-03
-2.214834886849322615e+01 1.005682920688861515e+02 -8.350046801126609353e-04
1.412285327012588994e+02 -7.678683479910399967e+01 -2.026902529941310149e-03
1.702182058350331886e+02 1.000685603142241575e+02 -3.058502040573785052e-03
3.855988702233199916e+01 -1.957440457979576252e+02 -3.134219963186524183e-03
-1.666268003161093247e+02 -1.072462795117764927e+02 -3.080929345514960005e-03
8.918896806579758163e+01 -2.425460382399565162e+01 -6.694976036243360795e-04
1.934659921849433317e+02 -1.610581730346631275e+02 -4.975179815801311634e-03
1.986743410380149442e+02 -1.979238942268726191e+02 -6.177497611119520116e-03
-1.876963312231876557e+02 2.349183595289865423e+02 -7.106379056509126713e-03
1.325389499669338420e+02 -2.052380951064950239e+02 -4.693727669561553739e-03
-2.802640095127221684e+02 9.680240625018943490e+01 -6.891428113206643502e-03
7.932600915836458455e+01 -2.904434667026662851e+02 -7.136931627414355717e-03
-1.319026418043301305e+02 -2.153132050612138073e+02 -5.014259803090226342e-03
2.817560876665570504e+02 1.390030555636889744e+02 -7.740871775354207784e-03
-1.638522441360381379e+02 -1.910338006066982075e+02 -4.977473764682827095e-03
1.999029464475322300e+02 1.747456142478675645e+02 -5.535545847763501115e-03
-8.465451270529453609e+01 -2.396778958746025410e+02 -5.085805993928715907e-03
-2.293036618945651242e+02 -8.236251486604638217e+01 -4.653371437235875874e-03
5.465362195726338257e+01 -2.468975106498010064e+02 -5.035070993926638039e-03
-1.464904899739954942e+02 2.066425567661007960e+02 -5.044256690084125694e-03
-2.897466822515736453e+02 5.528071598217395177e+01 -6.817521383336355711e-03
-1.645673662759248259e+02 -2.375756856191777615e+02 -6.566996227334698233e-03
-2.678560872282548075e+02 1.813081142798927559e+01 -5.646494973561289044e-03
-1.191634125773195478e+02 2.824405186917458650e+02 -7.395290755979999631e-03
2.790363664835371651e+02 -1.253508964087259017e+02 -7.337144738222889373e-03
-2.273777404597593090e+02 6.125637066200696523e+01 -4.345729747640802998e-03
-2.559001279041389125e+02 1.600889885734745235e+02 -7.148538687104633027e-03
9.426061739797748373e+01 2.214737337553629004e+02 -4.559267457395321799e-03
2.638306896933704024e+02 4.898669304116788936e+01 -5.641938257976875093e-03
1.181642594444533074e+02 -2.567226527918817283e+02 -6.284620866750856294e-03
1.153418718510389454e+02 -1.745372417441844846e+02 -3.441486960426232145e-03
-6.374201201406202699e+01 2.774271872486605162e+02 -6.380111229432827713e-03
-1.022929144752815347e+02 2.170748819188154926e+02 -4.531012007802814878e-03
2.432104085249637819e+02 -1.023811524704511271e+02 -5.459426695701097287e-03
1.679038386852699887e+02 2.402692058483150390e+02 -6.755268718023899055e-03
-4.270659401961783885e+01 2.312034261847404082e+02 -4.352988185416961642e-03
-2.313366531588196722e+02 1.945307659120231847e+02 -7.172905536393159309e-03
2.421604864940366042e+02 9.555225428900192242e+01 -5.313049070679198849e-03
-2.168486636587713292e+02 -3.683314728989548570e+01 -3.790631288367762863e-03
1.371564478816879671e+02 2.573916147993076038e+02 -6.691584015129592444e-03
5.397983327346835836e+01 2.615893763154957128e+02 -5.617722680469228180e-03
-1.814778063641412587e+02 -1.399249602502712264e+02 -4.122081919248898885e-03
1.050725349068611791e+01 -2.466170706585725725e+02 -4.798819012407307127e-03
-1.075475256355635736e+02 -2.733637309645995970e+02 -6.791650427004469748e-03
-2.189890956086838116e+02 1.452689749855090326e+02 -5.418933858855723429e-03
-2.762531434492589710e+02 -1.170308041561466297e+02 -7.057241750906939615e-03
-1.614904818732007641e+02 1.309588168269958430e+02 -3.393773630449459233e-03
1.570928889687901915e+02 -1.662985453716615609e+02 -4.111391128006403051e-03
-2.047859950510448357e+01 3.000439761969775532e+02 -7.123315646623495923e-03
2.240391075879919356e+02 1.459170707340063302e+02 -5.609065644421207253e-03
2.128519082133625488e+02 -6.961681300789108207e+01 -3.930947236206350226e-03
-2.314146151370475479e+02 1.091200082746035633e+02 -5.133094511457159115e-03
1.283388090718401742e+01 2.631440194852870036e+02 -5.466610002542893199e-03
1.771376892809351489e+02 1.435300599727860060e+02 -4.080635001983523580e-03
2.809972426301930000e+02 -1.073307448095029670e+01 -6.194705075099449232e-03
-2.005331984909479388e+02 -2.009997537529097826e+02 -6.332270963298469724e-03
2.463107895443569362e+02 -1.604474733137789713e+02 -6.780315524196112165e-03
-2.416478773036412520e+02 -1.981340573388225721e+02 -7.666405442066093201e-03
-2.142220698616170580e+02 -1.677420120411817379e+02 -5.811172497459438091e-03
-2.710649486477734058e+02 -7.647206517327563802e+01 -6.216662864918731657e-03
-4.013026701076412195e+01 -2.734287090295372877e+02 -6.014500749358830944e-03
2.251013107131186359e+02 6.303365565985650676e+01 -4.282434722501449187e-03
1.691005148604801889e+02 -2.215450855996713244e+02 -6.105818833830767289e-03
2.360188792654413419e+02 1.957262192264760472e+02 -7.381077379875478073e-03
9.218333488131550268e+01 2.745628127063561692e+02 -6.602998091437939365e-03
-2.788394561530323585e+02 -3.915453278604623932e+01 -6.211742036585476967e-03
3.053210499834218581e+02 -6.804534008872741424e+01 -7.667539016836144583e-03
-1.803790957477975780e+02 1.896153680994754041e+02 -5.380627760260381365e-03
2.605556273281634816e+01 3.117877348228563505e+02 -7.709550976244372578e-03
-1.318079943881330678e+02 2.404280794547809137e+02 -5.913780564455350941e-03
-2.157535809291960049e+02 -1.301063337864611356e+02 -4.979884671740819613e-03
2.357430639841538778e+02 -2.009261257552789175e+02 -7.533330313393094002e-03
-2.070637371643606883e+01 -2.304734063299731588e+02 -4.217151140849750846e-03
1.695871318569890036e+02 -2.569082763240335794e+02 -7.451316614179859243e-03
2.956907725271453842e+02 3.167779962540427263e+01 -6.928481704294497945e-03
2.193421648368267824e+02 -1.312132955075560119e+02 -5.124986103766104861e-03
1.729036721900700968e+02 2.037758074338751726e+02 -5.612477262673110090e-03
2.500518672649454288e+02 9.785662939144172512e+00 -4.905783806626207166e-03
-4.045991542667941587e+00 2.282229579756273949e+02 -4.103545469121172573e-03
2.025181929280970223e+02 2.228397421222859975e+02 -7.124000203447167223e-03
2.057272756144415098e+02 1.085631253123760160e+02 -4.243872173375962120e-03
-3.095481239484997786e+02 2.342724240912510325e+01 -7.549706842898018522e-03
-3.197943571720388718e+02 -8.640981976590433078e+01 -8.599714741045261235e-03
4.164789954037991038e+02 -6.295722276504511683e+01 -1.390050594500635839e-02
-3.832452556073696428e+02 -1.191454623999258899e+02 -1.262428889809541488e-02
6.430923807572290229e+01 3.924970576425158129e+02 -1.245724634836165023e-02
8.688033824509608394e+01 -3.672739097860221023e+02 -1.121523855763939537e-02
-1.681644330971741113e+02 -3.461239626789707700e+02 -1.165094415154044327e-02
-4.087555066314217100e+01 -3.544894783611267712e+02 -1.002806597489325213e-02
3.888510934651087609e+02 -1.431029801436720845e+02 -1.345819437955952935e-02
-3.428243754081100860e+02 -1.869300074476180953e+02 -1.195920085029911206e-02
-4.198151515576277859e+01 4.161630756442857546e+02 -1.377861719129214180e-02
-2.563586807177908895e+02 2.225606535668169101e+02 -9.049674199218316062e-03
3.193136943535664614e+02 -2.249905728887561054e+02 -1.197445725873080846e-02
2.088911553991177925e+02 -3.308429223902300009e+02 -1.203919283079812885e-02
4.139864121634008143e+02 1.487818585111722314e+01 -1.344360533151967019e-02
8.982796031146997962e+01 3.664288175767197231e+02 -1.120721109853661801e-02
1.474191328550356843e+02 -2.908252331420151222e+02 -8.363952034670774083e-03
-3.345616024260265249e+02 1.102079750651938070e+02 -9.725240011896119086e-03
3.308969720402116081e+02 -1.328589028233198803e+02 -9.967822911811197173e-03
-3.466209939986985660e+02 1.487275306268114718e+02 -1.115432597809018489e-02
1.735029500933216582e+02 -3.143430370248815393e+02 -1.014064737245234937e-02
1.364044474446428126e+02 -3.369005194584166247e+02 -1.039698637060837427e-02
1.084508613172732794e+01 -4.200281039335148421e+02 -1.390430055951696886e-02
2.681785847556944873e+02 -2.430798297316647165e+02 -1.028788933489011015e-02
-1.730648464261568051e+02 3.582863140142576412e+02 -1.245670315543634388e-02
-3.099699917863250676e+02 2.006508206986961511e+02 -1.069788405267502185e-02
-1.010456491913376453e+02 -3.624774477303907929e+02 -1.114810359041484844e-02
-3.230268774243961047e+02 -1.716717293465560346e+01 -8.197637969731275120e-03
2.495222410339835051e+00 3.729619472194449372e+02 -1.095602699248843237e-02
3.237266159401220875e+02 1.341622721286940418e+02 -9.627519092646252830e-03
3.289636694530728960e+02 6.431777281942200375e+01 -8.803470356905762628e-03
-3.049384309469191408e+02 1.418645001249991822e+02 -8.869660253985500731e-03
2.301167378617097370e+02 3.495410100899094914e+02 -1.377115040716603289e-02
-2.115945852250431471e+02 -3.550241377900572957e+02 -1.343448364241339732e-02
-2.552161564758990266e+02 -2.348603574196562818e+02 -9.446998223822333784e-03
-3.279198083883194954e+02 6.168295790777077059e+01 -8.723605443421433847e-03
3.427574832710331521e+02 -8.778102813923233327e+01 -9.810402097869541649e-03
3.766482256090644114e+02 2.151671104459868200e+00 -1.111388979964444967e-02
3.574366915319193936e+02 1.468037279831543458e+02 -1.170609231100883108e-02
4.029039528668322419e+02 6.439983769036116712e+01 -1.304359533194698884e-02
4.237664398391038389e+01 -3.336611456476979924e+02 -8.908989173193049282e-03
-2.954152475127447701e+02 -2.725878003167928227e+02 -1.268886494658261199e-02
-7.329604305528900454e+01 3.948980601084657565e+02 -1.270302237449527638e-02
-2.146573349228299605e+02 -2.927197834381510120e+02 -1.035822513301809522e-02
2.081364905437469304e+02 3.216173938754646997e+02 -1.154046142349329784e-02
2.599184234507363840e+02 2.644399343822535684e+02 -1.079997174565505702e-02
9.364025175291203595e+00 -3.207959953427885011e+02 -8.112046375828185774e-03
3.782469165781710672e+02 -5.734949976981270936e+01 -1.146710672168183009e-02
-3.367520035714494497e+02 2.376188007903242294e+02 -1.333082432989840527e-02
2.499908023437419331e+02 -6.190132776423941152e+01 -5.197639282013000184e-03
-1.035303963459933954e+02 -4.099334605135568381e+02 -1.407490824797719142e-02
-7.340123623129406383e+01 -3.203164377817678883e+02 -8.503033841833484985e-03
-4.086875672969275683e+02 3.281950187159444976e+00 -1.308551998724838406e-02
8.406692493725797988e+01 -4.032841582823612043e+02 -1.336298634461741131e-02
-3.548384017891472695e+02 1.509937281440608459e+01 -9.881687243876946525e-03
9.213916637411143995e+01 -3.287396385983496430e+02 -9.176623810162709560e-03
1.503004252540434038e+02 4.195095400296705748e+02 -1.563050608766047844e-02
1.090447270082790965e+02 4.337744470719025003e+02 -1.575098291112908555e-02
1.555984115381131119e+02 3.665356548414426925e+02 -1.247791840711443001e-02
1.206651231389677008e+02 3.464046546127723332e+02 -1.059150432942601583e-02
1.214906886243182811e+02 3.935603236250864825e+02 -1.335537464737512892e-02
1.855314579634667496e+02 3.892516130141454482e+02 -1.463002721197881328e-02
-4.335667058939183107e+02 -7.732201116400290175e+01 -1.519711812388635508e-02
-3.630766458149976188e+02 -7.928317640407654210e+01 -1.082212700362461533e-02
-4.217486483367845267e+02 -3.187667214956302075e+01 -1.401440052417157744e-02
-4.389628724027537601e+02 -1.253920095307697693e+02 -1.633343653173113807e-02
-4.664301407647017186e+02 -9.768171842310437114e+01 -1.779478186028171649e-02
-3.911600829852114884e+02 -5.460425010803351853e+01 -1.222123869109381644e-02
3.183762957436472334e+02 -3.430011668880386537e+02 -1.720681978787297339e-02
2.824018085299033487e+02 -3.249497497462573392e+02 -1.456405342017319526e-02
2.864487221644154715e+02 -2.765121582405566301e+02 -1.244986140828530097e-02
2.503828439105083703e+02 -3.436511436857568924e+02 -1.421244148795608453e-02
3.104745268683572021e+02 -3.032755540011696098e+02 -1.479549132018576074e-02
2.414668727484008457e+02 -3.064484883840555085e+02 -1.196405925965393635e-02
-1.672015139639366339e+02 5.035915492816312735e+02 -2.216392197342997861e-02
-2.007834431481667252e+02 5.325743056594582185e+02 -2.549724503074912718e-02
-1.698862621392513006e+02 5.494120325055481544e+02 -2.603491304844851584e-02
-2.301303991441738503e+02 5.536137480859279094e+02 -2.828780712360412508e-02
-1.444568404858075894e+02 5.784177534771901037e+02 -2.798521284523758368e-02
-2.022957316427437604e+02 6.086079295565466509e+02 -3.237884848056182818e-02
-6.826588356154123858e+02 4.057404980574796127e+02 -4.947381324498678623e-02
-7.264117843195334672e+02 4.395145440480707180e+02 -5.655192244179829686e-02
-6.137689690216217286e+02 4.532387594882304711e+02 -4.569067024894479800e-02
-6.723126908885737976e+02 4.544357485725977881e+02 -5.167456805443748635e-02
-7.159164796223193434e+02 4.849866444143848412e+02 -5.867703382003242041e-02
-6.445686299968082267e+02 4.896574150339689027e+02 -5.143135286371602888e-02
-1.133006016997832148e+03 -1.134188846584999339e+02 -1.015775745351845671e-01
-1.097100318623711246e+03 -1.104074712410378254e+02 -9.525158033519431910e-02
-1.179880194289909696e+03 -7.513707701187539101e+01 -1.095021988156155146e-01
-1.104748430221071203e+03 -6.837475368908810935e+01 -9.597895980289194995e-02
-1.141201550810613298e+03 -6.517253048772519719e+01 -1.023590674347794049e-01
-1.131940048483230839e+03 -2.832489842808865887e+01 -1.004384739736838839e-01
-1.232718293260524661e+03 -1.063060228204158648e+03 -2.080501564301471262e-01
-1.192651030937096948e+03 -1.054034967518105987e+03 -1.989324165635366626e-01
-1.188370778950282329e+03 -1.012752359194786777e+03 -1.914140661585292946e-01
-1.148541774595872766e+03 -1.004951611622819769e+03 -1.828828366164998442e-01
-1.245825924548132434e+03 -9.950131342664856220e+02 -1.995652546354449441e-01
-1.213852702681136634e+03 -9.543615982264474269e+02 -1.871630278257043756e-01
-4.272905525168460485e+02 -4.751000217072947862e+02 -3.208063765117685762e-02
-3.726777778263632968e+02 -4.718119381604827254e+02 -2.841289122758894337e-02
-3.371209510039929000e+02 -4.644072265380854105e+02 -2.588974989356529477e-02
-3.939711203426518296e+02 -4.436990894030412846e+02 -2.766465256974015574e-02
-3.583049604982304572e+02 -4.335098900903578283e+02 -2.485878794254858803e-02
-4.178894127067032969e+02 -3.986172176498553199e+02 -2.619511063784329963e-02
-2.418442163589367055e+01 -8.459222439288229225e+02 -5.640508712770042621e-02
-1.018668154721308667e+02 -8.454572681309560949e+02 -5.711024307385059728e-02
-6.696697727829490532e+01 -8.298795380737369669e+02 -5.459317721971501669e-02
-1.019366831317294810e+02 -8.099943374294141449e+02 -5.248759674805114628e-02
-2.485051252089633067e+01 -7.952374888265400159e+02 -4.985626916607088788e-02
-7.049600253376402748e+01 -7.829553837347069702e+02 -4.867057037182576096e-02
6.633797920804540809e+02 -9.779988121551074300e+02 -1.098072715580542535e-01
6.240271127666374014e+02 -9.775502773628626301e+02 -1.057692905557132690e-01
5.807589241255509478e+02 -9.580317408048491643e+02 -9.871002649543925145e-02
6.397539115610090903e+02 -9.455672758889244278e+02 -1.024820218448780906e-01
5.897268800352787821e+02 -9.150990238241539600e+02 -9.319859599332858124e-02
6.432554066263169261e+02 -8.948716109824143814e+02 -9.548549369611691873e-02
1.478430067532676730e+03 -5.956631104289701852e+02 -1.991757275451675469e-01
1.464537373181378825e+03 -5.617852384839449087e+02 -1.928844489601146961e-01
1.499111011315860878e+03 -5.536542994568433187e+02 -2.001971012803096528e-01
1.431608963572058428e+03 -5.256592766157405094e+02 -1.823195063993807707e-01
1.497485446129945558e+03 -5.143885030881451712e+02 -1.965125091481070285e-01
1.458452945717571311e+03 -4.836466712786384505e+02 -1.850574397399498139e-01
5.879828584904619220e+02 -1.583812509159448041e+02 -2.905943791673593068e-02
5.508156858125223607e+02 -1.325009417558598841e+02 -2.515074041239984126e-02
5.132996621010438503e+02 -1.256130913442425339e+02 -2.188330309116537364e-02
5.871693501400750392e+02 -1.233537596267615584e+02 -2.820730740742050102e-02
5.616832002655223732e+02 -8.082393498044820035e+01 -2.522962437868159213e-02
5.999853668360302663e+02 -7.265192408022760162e+01 -2.861650713979813077e-02
7.589814312081703065e+02 3.132463479345461792e+02 -5.285577770335692094e-02
6.984808059207376800e+02 3.272694565228807164e+02 -4.665544153297673802e-02
7.322912764100410641e+02 3.415142970190131564e+02 -5.119543714798169276e-02
6.750617736299568605e+02 3.679168668339171404e+02 -4.636105518054023378e-02
7.665106945366139826e+02 3.769341469296567197e+02 -5.721754420406455210e-02
7.367586777239290541e+02 4.074327070340028172e+02 -5.559789059620356966e-02
5.490541762718443124e+02 9.643153624523015424e+02 -9.685531908900202325e-02
5.150059916043459225e+02 1.007557850780439594e+03 -1.007328891209908761e-01
4.609934445363658142e+02 1.015792425351488873e+03 -9.791538533181665116e-02
5.634521413126827838e+02 1.021270682477274818e+03 -1.070170752155377158e-01
4.800330070287615740e+02 1.051000829150545997e+03 -1.050502067010370411e-01
5.248504336483848647e+02 1.061290206635112554e+03 -1.102900993235493843e-01
-2.568320379660175377e+02 1.501376271381426932e+03 -1.827024764405678070e-01
-3.090973933217566696e+02 1.509128922494384369e+03 -1.868578456632121743e-01
-2.269766613024083313e+02 1.528653723341090426e+03 -1.880805393924447344e-01
-2.745894979747901061e+02 1.548458375433089032e+03 -1.947510794859681482e-01
-2.547159965074699244e+02 1.581076256380444875e+03 -2.019667278304950742e-01
-3.107694606648632316e+02 1.582605156346009153e+03 -2.048308420329476576e-01
-5.664720941922215616e+02 -2.130150380165306160e+03 -3.825138161629411115e-01
-5.105656330971771695e+02 -2.098650576587938303e+03 -3.673054484792146468e-01
-5.697338483334608554e+02 -2.092256563989707047e+03 -3.702023472289965866e-01
-6.120853490624706410e+02 -2.079028900771223107e+03 -3.697776960741521179e-01
-5.346401428548757622e+02 -2.055701759914009472e+03 -3.552240245633129234e-01
-5.637834315479259431e+02 -2.021707049595745502e+03 -3.468148886713606771e-01
7.283735479202431407e+02 -2.773586257584752730e+03 -6.474423499837484997e-01
7.686557827189272984e+02 -2.758778965330977371e+03 -6.457145564763777656e-01
7.214892399621872983e+02 -2.718125455960455838e+03 -6.226722174592396186e-01
7.815295475074465230e+02 -2.707103209909550969e+03 -6.250320007045502280e-01
6.817255716838207036e+02 -2.699092040962742885e+03 -6.101803612223193340e-01
7.579370251924163995e+02 -2.674704625573960584e+03 -6.084539576413590112e-01
2.605888047545195150e+03 -2.653606197472407075e+03 -1.086571172865660628e+00
2.641521215244101768e+03 -2.640316361890193093e+03 -1.095678028914335300e+00
2.571553923252895856e+03 -2.632900393905487363e+03 -1.064024216829466241e+00
2.673557470310222925e+03 -2.623046995855061141e+03 -1.101858413302352346e+00
2.604401178048743532e+03 -2.586407219794158664e+03 -1.058231155453768224e+00
2.639041577600517485e+03 -2.568702856549415628e+03 -1.065272076570181525e+00
4.694207211971456672e+03 -1.288735780605551781e+03 -1.857059685921853998e+00
4.746438647984266026e+03 -1.268406721028969287e+03 -1.891594432271631376e+00
4.650353070749824838e+03 -1.260897425379035212e+03 -1.819366254776696223e+00
4.730948525021271053e+03 -1.225705974434321888e+03 -1.871705837465356126e+00
4.694520038962633407e+03 -1.222702961690395114e+03 -1.844228507324089605e+00
4.646035971132188934e+03 -1.215634755572117228e+03 -1.807393727944941020e+00
6.130623033712920915e+03 1.603979537852258773e+03 -3.146980381506523372e+00
6.167543159557242689e+03 1.634859394412912252e+03 -3.190427595361938984e+00
6.127614327087843776e+03 1.652686703613829877e+03 -3.156584307294224345e+00
6.199079258873000072e+03 1.674772031162414805e+03 -3.231383518728534909e+00
6.167102844195698708e+03 1.690080384270893774e+03 -3.204463024692358886e+00
6.120762516988160314e+03 1.690245871385036708e+03 -3.159898749460353429e+00
-1.523211156817005985e+03 1.462045857251776170e+03 -3.501162227161103146e-01
-1.530424834834322610e+03 1.509417762774039147e+03 -3.629284283258584765e-01
-1.467533991985920920e+03 1.529852420686226196e+03 -3.530494898060396736e-01
-1.569529808166939802e+03 1.533632853711035978e+03 -3.782286559554677297e-01
-1.506796298599292186e+03 1.539967209298659554e+03 -3.646434320201024093e-01
-1.548555958478572620e+03 1.565050723357627703e+03 -3.807729906088752614e-01
-2.734852150610664467e+03 6.893816966495251108e+02 -6.233631568913438059e-01
-2.683336179602773882e+03 6.904564398332552173e+02 -6.016136149052044857e-01
-2.708572843660192575e+03 7.158831277445063961e+02 -6.150898967182456545e-01
-2.665821042227685211e+03 7.449497042875279931e+02 -6.004345087129081548e-01
-2.750820855502526229e+03 7.481280655083280635e+02 -6.368767785733098208e-01
-2.704308744460372964e+03 7.658396303138885060e+02 -6.191116884760958783e-01
-3.558505595779125088e+03 -1.000480358247938739e+03 -1.070843275150707541e+00
-3.605440995419794945e+03 -9.708799197912759382e+02 -1.092588436402991192e+00
-3.522840855060157992e+03 -9.644079802111846220e+02 -1.045476000359428781e+00
-3.558184285997800544e+03 -9.414355711160643523e+02 -1.061633568584113618e+00
-3.533938936724907762e+03 -9.112022725136388317e+02 -1.043751614876441636e+00
-3.599436056415052917e+03 -9.051876733149836127e+02 -1.079492528338278134e+00
-3.455941495764267984e+03 -3.476657704373040360e+03 -1.887627341959614569e+00
-3.417769927960712266e+03 -3.474298320989865260e+03 -1.865781008077419756e+00
-3.383165237113720650e+03 -3.438208785903224907e+03 -1.827696223783050300e+00
-3.414335795827862057e+03 -3.421189246949456901e+03 -1.835100200230499468e+00
-3.452282925356365467e+03 -3.409026947818626468e+03 -1.848970291746582006e+00
-3.422537249147599141e+03 -3.375409505446059029e+03 -1.814987089278474741e+00
-1.646086906446188095e+03 -6.206545202285606138e+03 -3.246182935306023865e+00
-1.694129553638366360e+03 -6.188813335312617710e+03 -3.241443466758937575e+00
-1.647215429204277825e+03 -6.162502824737211085e+03 -3.203568871722836775e+00
-1.703087190616030966e+03 -6.149303802344842552e+03 -3.205434249198788166e+00
-1.602836021820787664e+03 -6.126492132411268358e+03 -3.157415730649063335e+00
-1.680457315879005591e+03 -6.117118447031164578e+03 -3.168341689871340350e+00
2.053062878781187919e+03 5.065835055576268360e+02 -3.504175689394912752e-01
2.095573116310316436e+03 5.158461058294401482e+02 -3.649793451224070395e-01
2.030849766472171268e+03 5.410029032741065294e+02 -3.461507730424102647e-01
2.070617288952626950e+03 5.562060532800110195e+02 -3.602421273199070129e-01
2.121848078506412094e+03 5.766103562446975275e+02 -3.788885998824866874e-01
2.065483482342297066e+03 5.918370719268283437e+02 -3.618004242393624281e-01
1.977229684430042880e+03 1.957424128568721017e+03 -6.080321825982082373e-01
2.033593387471472170e+03 1.959871621340443880e+03 -6.264970867745205396e-01
1.995558352556688078e+03 1.988286935888185781e+03 -6.233275878045105856e-01
1.957101596621178032e+03 1.991090668811893693e+03 -6.122982224459292411e-01
2.035418552620645642e+03 1.995310862486539691e+03 -6.381185599996115343e-01
2.002952852787037955e+03 2.034321148452388570e+03 -6.402284267780942173e-01
9.470199090036689995e+02 3.535689749726306673e+03 -1.054844335752477491e+00
9.076838720085818295e+02 3.548251847574470048e+03 -1.056137731815852021e+00
9.811573278777909763e+02 3.548444683881421952e+03 -1.067117442491735346e+00
1.008036927031700543e+03 3.573295062140109621e+03 -1.085244938827145234e+00
9.707393988025539784e+02 3.587368508215269230e+03 -1.087400268517967561e+00
9.351022726029716523e+02 3.599993561787319322e+03 -1.089226298896619483e+00
-1.283325440822246492e+03 4.638290142194435248e+03 -1.823440294247120619e+00
-1.209569587436392567e+03 4.663046837743500873e+03 -1.827172458353970796e+00
-1.302163429402007068e+03 4.668781504133572525e+03 -1.849606799289404080e+00
-1.258985935923547004e+03 4.684355510315090214e+03 -1.852416348627002662e+00
-1.292620451690103891e+03 4.705444014245207654e+03 -1.874735425235940056e+00
-1.229573362503128919e+03 4.718405055847701988e+03 -1.871898091736738934e+00
-4.484846451352216718e+03 4.455083267757881913e+03 -3.138918506811933185e+00
-4.458225978288402075e+03 4.484749454671997228e+03 -3.141156340222323706e+00
-4.537226072435194510e+03 4.490598151020461955e+03 -3.200962110665386717e+00
-4.495672553840455294e+03 4.501793854376935997e+03 -3.179486735198452152e+00
-4.472027632068333332e+03 4.537821150758754811e+03 -3.188525615931212087e+00
-4.526414766496144694e+03 4.541177849645302558e+03 -3.229265198466691800e+00
6.985025811669399445e+03 -4.106070868268550839e+03 -5.150091487093732212e+00
6.946368802664833311e+03 -4.087633236060130457e+03 -5.096003792430337853e+00
7.042179909212729399e+03 -4.082914133202389166e+03 -5.197961876232284339e+00
6.987640719558701676e+03 -4.049923737324042122e+03 -5.116887019987188978e+00
6.958254037562652229e+03 -4.015902567886381348e+03 -5.063169447591690187e+00
7.030712181021379365e+03 -4.011173845216082555e+03 -5.139585736377284775e+00
9.909002370819345742e+03 -3.778255888752127248e+03 -8.816314516808915869e+00
9.854748740912698850e+03 -3.769277272969215574e+03 -8.726977530625163126e+00
9.877677082809364947e+03 -3.729055488251630777e+03 -8.738667223373568049e+00
9.954024461589953717e+03 -3.723317253698790410e+03 -8.853912658460558305e+00
9.857080949569091899e+03 -3.697113092770218827e+03 -8.688142983065063163e+00
9.923602511259494349e+03 -3.688075095358994986e+03 -8.785968188936294609e+00
1.020739412835006078e+04 -9.099430789518166421e+03 -1.468348961610763581e+01
1.016476406184126063e+04 -9.068473745166076696e+03 -1.457115843969131674e+01
1.010847556124971197e+04 -9.061476790636972510e+03 -1.447177064540392166e+01
1.019962214246157419e+04 -9.042960923426257068e+03 -1.459037596431244310e+01
1.016163993954449870e+04 -9.025419121467350124e+03 -1.450482818042200961e+01
1.012128054687993063e+04 -9.023855386303130217e+03 -1.443847627009699863e+01
1.746107996114919297e+04 -6.679186866261434261e+02 -2.392000322532624068e+01
1.737966335443092976e+04 -6.648069270603981522e+02 -2.369745729276240809e+01
1.742363409831641184e+04 -6.541010237738391879e+02 -2.381623051975100225e+01
1.738188492808703086e+04 -6.251764820092228092e+02 -2.369948107575154950e+01
1.744705925575872607e+04 -6.211379660261461595e+02 -2.387691194491119973e+01
1.741702917612298916e+04 -5.997938962979831103e+02 -2.379284036718468087e+01
2.264867903626287807e+04 2.826673217836765616e+03 -4.081463601793552698e+01
2.259451124623142096e+04 2.866613043415606626e+03 -4.064055640152309934e+01
2.263045110990008106e+04 2.869769640397244075e+03 -4.076931470148451808e+01
2.268896223407987054e+04 2.884274775737409982e+03 -4.098362177694775710e+01
2.261769882977505040e+04 2.916816235661615792e+03 -4.074555369586869347e+01
2.267832408951568868e+04 2.918040405686470876e+03 -4.096124429348083140e+01
2.502001377083496845e+04 1.409114142857283878e+04 -6.467979780502628273e+01
2.499323464452209009e+04 1.411709473404997152e+04 -6.463253681200603751e+01
2.505945279584132732e+04 1.413638881177260009e+04 -6.493512381051277771e+01
2.499501419210369932e+04 1.415658652241091113e+04 -6.472744969989525998e+01
2.503355952480854467e+04 1.416241800298585440e+04 -6.489152613516034762e+01
2.495174614987448513e+04 1.416312495479943027e+04 -6.457273201129555673e+01
3.347869707789197855e+04 1.482159801112768218e+04 -1.051080156881507719e+02
3.343496290576564934e+04 1.483924770793351490e+04 -1.049199900165358486e+02
3.353945631799116381e+04 1.484788233510757527e+04 -1.054884413936397323e+02
3.345561602236761973e+04 1.487393399128969759e+04 -1.051093945909942704e+02
3.349421960883108113e+04 1.488450275340934968e+04 -1.053366393170645097e+02
3.345660857074341766e+04 1.491067665795476205e+04 -1.052007931663893032e+02
-7.053468225371354492e+03 -4.315153431845104024e+03 -5.364036314771283287e+00
-7.035770133079021434e+03 -4.278724248752234416e+03 -5.319845150191213179e+00
-6.996658225600021069e+03 -4.275265441186497810e+03 -5.274519590174804762e+00
-7.068326435158264758e+03 -4.258877976333682454e+03 -5.342471789813544092e+00
-7.030282798645150251e+03 -4.228621245947135321e+03 -5.280227812169641766e+00
-7.079209081378025076e+03 -4.221517426531358069e+03 -5.329579574370882256e+00
-9.696658193655182913e+03 -8.271289753056204063e+03 -1.275413026125124816e+01
-9.659118407380967255e+03 -8.268756827348644947e+03 -1.269390845992393224e+01
-9.639494102981472679e+03 -8.235147794169068220e+03 -1.262055342446319628e+01
-9.755746903072378700e+03 -8.233531932637677528e+03 -1.279509300789368353e+01
-9.706016869355529707e+03 -8.219052759268055524e+03 -1.270051158821979698e+01
-9.707872943054790085e+03 -8.182564916075337351e+03 -1.265620013864190696e+01
-1.417472457422350817e+04 -4.527813125403765298e+03 -1.735481397479657062e+01
-1.422663418482417364e+04 -4.512503389233185771e+03 -1.745940940103855610e+01
-1.426454125720813136e+04 -4.498115408375491825e+03 -1.753380661486653480e+01
-1.419973293892520451e+04 -4.487005372400767556e+03 -1.738143007995154221e+01
-1.422357233599941537e+04 -4.451922571316945323e+03 -1.740981338890196639e+01
-1.418516972215773421e+04 -4.438573192859821575e+03 -1.731500011999673916e+01
-1.090234012106528098e+04 -1.386361831579387581e+04 -2.444902369213104976e+01
-1.093706051995322377e+04 -1.385726837908102607e+04 -2.449456248851493001e+01
-1.090086440608841986e+04 -1.382489267174602719e+04 -2.436205305934254284e+01
-1.095522567100753258e+04 -1.380787066472794322e+04 -2.441808417100583029e+01
-1.086703952918809773e+04 -1.379463211678206426e+04 -2.423854659204971540e+01
-1.092416943569305113e+04 -1.379120450568728847e+04 -2.432862640680559707e+01
-9.130712890483964657e+03 -2.083819668823271786e+04 -4.073081614691727736e+01
-9.157609678445189274e+03 -2.080864173739484977e+04 -4.067240860801575764e+01
-9.111788534436136615e+03 -2.079536421958477149e+04 -4.056332255491361138e+01
-9.075334885052805475e+03 -2.078353072861213877e+04 -4.047263334419039893e+01
-9.163602891972110228e+03 -2.076948715327624814e+04 -4.055279253751177748e+01
-9.114084758611439611e+03 -2.073576486727364681e+04 -4.037165412059584924e+01
-2.912004295325140447e+03 -2.651877113747932526e+04 -5.605136612247042649e+01
-2.955768102047433786e+03 -2.648787156958122432e+04 -5.594248507825068373e+01
-2.912964819207946675e+03 -2.648353139413078679e+04 -5.590469906504586106e+01
-2.871185863734076520e+03 -2.646784198878403549e+04 -5.582033677635081403e+01
-2.968463398699375830e+03 -2.645518861253420255e+04 -5.581209717467390874e+01
-2.913971051768649886e+03 -2.642246778467078548e+04 -5.565071660199828329e+01
-3.914630766971254161e+03 -3.357683316778836161e+04 -8.999393919257818197e+01
-3.962729476034342952e+03 -3.356206807353650220e+04 -8.994554627717297990e+01
-3.875744803492271785e+03 -3.355231572488561505e+04 -8.984058268862827390e+01
-3.929902309818787216e+03 -3.353398559193011170e+04 -8.977684914514429693e+01
-3.976144795863949184e+03 -3.352684550015254354e+04 -8.976777810782732558e+01
-3.905035143583688296e+03 -3.350921316213710816e+04 -8.963078097071775119e+01
-1.528395203261168263e+02 8.161894675324148920e+03 -5.248554453439282952e+00
-1.880729182529705668e+02 8.177573440382109766e+03 -5.269672449815971049e+00
-2.236046519175154117e+02 8.183636919119235245e+03 -5.278631853599108581e+00
-1.470606478705542486e+02 8.203283905176964254e+03 -5.301766336907803634e+00
-1.827218515302809010e+02 8.216466366128048321e+03 -5.319735523597501015e+00
-2.107736871031768260e+02 8.244417322441919168e+03 -5.356837660041946947e+00
4.053043501707048563e+03 1.138434262326428689e+04 -1.149448552487319830e+01
4.017418521553743631e+03 1.140070571721378110e+04 -1.150132662298528885e+01
4.057503730308048944e+03 1.142395182899021711e+04 -1.156847318287145754e+01
4.023688333398530631e+03 1.143659926844741858e+04 -1.156983718049377785e+01
4.095269038082239604e+03 1.144181927460015140e+04 -1.162477124811630347e+01
4.048706962623961772e+03 1.148271578100316947e+04 -1.166890537548624707e+01
-3.960601694408393087e+03 1.237705144830321660e+04 -1.329426748610330833e+01
-3.881397424811908422e+03 1.238419817747987327e+04 -1.325954663856191473e+01
-3.926618829190187171e+03 1.240369033485989894e+04 -1.332526235624663968e+01
-3.889602915330220185e+03 1.243694142777986599e+04 -1.336765123224085983e+01
-3.977865804025182570e+03 1.244014816343170605e+04 -1.342833397612776025e+01
-3.924263218955396042e+03 1.244450380784603658e+04 -1.340368793886227650e+01
-8.403796760296081629e+03 1.547598048367504452e+04 -2.439627162353735912e+01
-8.363354956292740098e+03 1.548681236137449196e+04 -2.436956489771091583e+01
-8.425653378784634697e+03 1.550576955853065738e+04 -2.449777774354242865e+01
-8.384551704869645619e+03 1.552729176066213222e+04 -2.449625479358019220e+01
-8.422756753024797945e+03 1.555033455393993063e+04 -2.460296082431977993e+01
-8.381381300398124949e+03 1.556443787485388384e+04 -2.458305457853566622e+01
-1.386388666086891681e+04 1.804162669918345637e+04 -4.069417794333003258e+01
-1.383271596091452739e+04 1.805842677976543928e+04 -4.067431237924847665e+01
-1.386184900029444907e+04 1.809012403930710570e+04 -4.082776514108627453e+01
-1.389940223151629107e+04 1.809274637896282002e+04 -4.091691017199991620e+01
-1.383802450733254227e+04 1.812476227880499937e+04 -4.087486535658899811e+01
-1.389390398081733292e+04 1.813547274257550816e+04 -4.102685337408365740e+01
-2.182549071146708229e+04 1.322794891756108700e+04 -5.109888142071486072e+01
-2.177343352080642944e+04 1.324390844976012158e+04 -5.095435219685714401e+01
-2.185792862996450640e+04 1.326664472945546186e+04 -5.129063856584707537e+01
-2.181703254538897818e+04 1.327445027783350452e+04 -5.116702890034503071e+01
-2.178542533840785472e+04 1.329062493493711372e+04 -5.109290630757914187e+01
-2.185545951874593447e+04 1.331215961291887470e+04 -5.137746351502573816e+01
-3.107594663510161263e+04 2.470876262998698076e+04 -1.237406043900864461e+02
-3.100879537289703876e+04 2.473337809661305437e+04 -1.235098505971745908e+02
-3.106522709402102191e+04 2.475272210097037532e+04 -1.238596739692038682e+02
-3.101859811116792116e+04 2.477099947162340686e+04 -1.237041757511415199e+02
-3.110094236763918525e+04 2.477640022115414467e+04 -1.241259846884149738e+02
-3.106246623287972761e+04 2.479281404165710774e+04 -1.240026897688858298e+02
